2419
93274
99206
99781
87609
52107
4070
64799
44570
30357
2450
54383
54384
47998
3031
3022
3020
18980
3176
43722
4859
6126
6126b
2570
30115
2335
15535
18674
87580
3794
3794a
3794b
15573
6179
41740
92593
13547
61485
6005
6091
2412
2412a
2412b
4285
4285a
4285b
4740
85970
98100
3063
85080
3063a
3941
3942
3942a
3942b
3942c
6233
4032
4032b
41749
41747
41748
41765
41764
43713
47753
47755
43712
42022
59900
64288
3062b
98138
24246
4073
33291
60608
3633
3185
21229
2362
2362a
2362b
87544
6020
6140
4873
30553
32062
4519
24316
6587
3705
99008
87083
32073
32016
32014
27940
10288
6536
32291
45590
57585
48723
32039
11214
18651
43093
3749
2736
3713
4265c
2854
4716
41677
33299
4274
32054
32556
6628
2780
3673
10058
11203
11291
11477
13965
14716
14769
15208
15397
15712
22886
2339
2357
2399
2420
24309
2431
2432
2445
2453
2454
2456
2460
2549
26603
2921
3001
3002
3003
3004
3005
3006
3007
3011
30136
30144
30145
3020
3021
3022
3024
30261
3034
30365
30389
3065
3068
3069
3070
3188
3189
32028
32089
32271
3245a
3307
3308
3437
3659
3680
3700
3701
3702
3739
3743
3795
3821
3822
3832
3839
3894
3937
39789
40344
40666
4066a
4150
4162
41854
4282
44301
4488
4490
4600
46212
4624
4757
48336
4865
49668
50950
53989
57519
1139
6014
61068
6182
6232
6247
6292
63864
63868
6524
6565
6629
6636
6934
74967
76768
772
86652
87079
88072
88292
88930
91501
91988
92262
93273
93587
93597
98283
99781
4071
